
15492991
15495881
15516001
15525677
15527153
15531413
15551149
15560737
15579023
15579859
15603473
15626719
15642059
15658957
15665777
15677309
15678499
15681493
15685459
15685633
15692987
15704449
15719423
15725747
15727403
15738263
15778171
15799501
15809771
15817337
15824329
15824659
15826067
15853261
15853361
15876451
15880967
15917711
15924329
15932239
15933979
15940429
15942119
15947357
15949289
15954973
15958517
15959807
15961889
15966809
15968971
15969451
16004207
16005413
16009397
16023239
16034363
16041307
16044709
16051991
16063627
16067671
16077577
16100699
16108321
16112729
16123573
16139483
16160537
16163267
16172951
16176071
16185179
16195693
16195987
16198199
16214951
16220539
16232627
16234069
16252013
16257679
16258373
16265341
16266751
16272149
16278863
16283461
16298081
16318111
16331671
16333127
16339877
16354277
16375187
16383821
16389277
16395971
16399541
16410679
16420189
16423747
16431251
16438421
16472851
16482391
16498037
16507889
16534759
16569107
16569517
16577681
16580741
16597391
16601447
16607813
16621061
16642831
16647707
16683397
16686487
16705357
16705837
16740697
16744951
16764389
16769881
16799879
16802839
16804847
16811869
16825841
16832677
16838819
16842851
16855999
16859407
16866103
16869829
16870127
16879451
16880947
16882903
16886563
16897589
16898279
16927861
16935059
16949953
16950457
16970579
16973041
16982359
16983983
16998829
17034529
17042629
17045827
17046299
17071651
17096227
17108437
17111461
17114521
17124361
17126171
17129537
17159059
17179039
17183357
17191457
17191841
17210803
17217419
17224481
17233457
17243071
17257687
17262227
17266757
17274289
17282497
17285461
17288639
17293543
17302367
17322209
17322791
17329261
17331043
17338991
17342141
17345819
17353001
17368669
17371117
17377601
17391679
17410039
17413943
17422511
17423429
17430767
17433389
17434841
17436473
17437993
17458979
17459089
17463841
17468251
17477839
17481851
17496847
17500663
17501849
17509721
17512969
17527607
17551013
17555807
17587223
17592409
17621449
17631577
17644843
17650111
17650481
17663729
17672779
17675221
17683333
17695529
17698687
17713561
17724821
17726911
17727139
17727469
17756509
17764273
17765593
17773627
17774209
17780263
17782511
17785441
17801429
17805577
17810641
17820997
17827037
17829727
17835733
17842091
17845601
17850793
17855681
17877367
17894743
17901647
17903629
17926201
17926703
17938667
17981731
17982709
17986531
17986889
18019943
18020929
18024037
18034969
18046151
18047551
18049697
18053533
18071891
18089261
18105929
18116243
18117923
18125467
18131411
18133669
18137641
18137939
18150109
18156503
18161959
18215213
18218953
18235927
18240743
18241637
18252859
18253553
18255437
18256003
18256559
18262669
18274127
18292091
18295483
18305879
18327487
18338293
18356347
18398477
18402191
18403279
18413453
18419833
18423571
18428791
18429421
18431999
18433859
18436681
18445519
18470099
18511331
18512369
18515201
18516779
18525961
18541157
18552643
18579103
18584431
18586487
18588397
18598933
18604129
18608197
18608363
18613373
18623599
18623897
18649223
18650507
18660157
18671519
18677117
18687817
18690823
18693673
18712483
18724571
18727909
18729749
18743051
18753041
18756919
18761147
18776507
18779731
18787943
18797629
18804829
18816191
18818909
18819461
18822493
18825007
18825869
18826783
18831083
18844801
18845699
18859363
18884693
18901901
18914039
18928187
18936403
18939689
18945911
18949817
18978161
18985301
18996671
19006711
19011479
19019489
19023061
19043537
19059049
19068701
19070647
19078159
19082113
19087681
19102637
19105267
19109773
19139117
19146691
19177799
19207339
19207849
19225117
19233631
19239683
19246853
19265209
19271827
19273691
19275847
19278421
19281589
19291183
19297697
19299043
19300753
19320839
19324399
19326137
19346753
19349573
19361131
19367477
19370369
19373077
19385851
19390559
19396673
19420567
19435937
19436047
19436839
19461319
19462889
19471957
19496401
19497259
19501843
19525757
19543861
19571561
19577861
19583647
19585729
19591787
19591991
19599817
19601947
19621831
19622567
19627477
19633553
19633781
19635653
19655771
19658081
19660909
19675217
19677643
19679963
19680151
19682393
19694209
19726687
19729189
19733479
19735519
19736989
19758911
19784503
19786171
19812109
19816513
19822027
19832377
19839487
19849051
19856327
19857727
19874117
19889939
19899109
19906583
19914311
19916261
19917223
19919017
19946557
19959799
19975771
19978661
20000221
20005729
20006827
20013347
20018377
20023027
20030467
20042579
20043923
20073299
20081053
20083391
20087083
20098613
20104639
20139013
20165623
20188073
20199847
20205587
20226023
20248999
20267441
20273641
20280017
20292511
20298557
20298781
20310919
20323609
20327311
20344997
20350181
20360651
20368279
20379973
20392193
20400349
20413907
20414789
20418583
20423489
20428697
20430439
20436401
20445629
20460467
20466071
20480683
20499673
20499799
20499953
20501641
20513569
20525623
20532361
20544011
20544119
20567171
20583053
20583383
20589343
20592499
20599387
20601319
20611007
20613331
20618261
20618747
20636549
20642527
20657447
20661989
20664509
20688113
20689661
20694637
20712521
20714689
20716279
20725249
20734733
20735587
20744173
20748071
20748727
20775259
20777837
20780657
20782747
20783003
20789261
20793797
20807537
20831017
20838677
20855909
20859889
20860393
20861927
20864297
20867437
20920771
20921161
20922581
20933179
20967839
20978669
20988221
20995837
20998177
21014243
21016901
21037411
21039671
21051137
21053323
21055717
21061979
21069547
21102451
21104849
21106237
21125389
21129781
21134143
21137863
21139667
21163579
21164237
21168479
21181997
21182767
21186799
21189551
21199547
21215203
21227887
21234601
21253469
21258691
21262949
21266317
21270299
21273067
21281201
21304079
21304147
21314191
21316231
21330149
21339919
21343429
21348781
21358607
21360223
21362323
21370099
21380923
21386347
21410933
21425189
21428431
21432091
21440233
21442229
21450971
21469417
21476771
21480497
21496589
21497141
21497321
21508379
21590861
21596059
21598901
21600451
21617329
21619417
21632201
21639701
21645079
21648161
21653677
21663871
21686057
21689383
21691529
21691633
21697147
21701837
21704299
21718033
21728747
21733379
21776899
21779161
21780673
21789679
21803479
21809303
21810731
21812213
21818311
21831881
21855553
21864859
21868139
21869101
21874261
21898843
21901519
21917351
21935761
21951997
21958751
21980117
21980857
21982171
21986609
21987787
22000403
22003027
22005317
22022087
22027991
22038959
22043257
22046621
22051369
22051583
22053599
22054093
22060771
22068071
22076393
22084201
22094437
22103227
22109827
22130587
22133491
22139371
22154641
22158007
22161427
22180589
22182001
22182487
22190767
22192739
22211587
22212997
22216373
22223239
22225417
22245793
22246769
22273513
22273973
22274377
22283837
22287847
22299187
22301947
22305761
22327703
22330397
22332329
22333613
22357249
22358309
22363433
22366871
22369051
22381663
22384177
22389721
22396147
22406957
22413613
22417189
22420291
22428551
22429999
22433317
22435729
22438681
22452497
22455221
22461619
22466383
22470493
22481167
22481639
22499077
22524977
22525589
22533047
22540097
22550117
22550251
22552939
22553369
22581677
22606063
22621777
22626353
22626581
22634393
22644077
22648793
22681097
22690571
22690771
22694641
22695727
22703819
22713557
22736359
22737389
22739407
22746077
22748903
22751543
22762937
22764487
22775521
22786507
22800143
22803917
22804519
22813841
22832977
22849163
22876793
22885741
22906561
22911379
22917443
22921043
22926067
22928141
22929239
22931047
22932697
22934833
22942081
22949897
22956301
22965821
22968703
22977641
22978091
23017051
23018327
23019277
23034463
23034553
23037361
23042653
23048371
23058223
23067409
23073377
23077447
23077841
23078717
23100001
23102129
23111119
23117111
23121517
23127211
23133977
23135377
23165939
23184793
23202493
23203109
23213227
23218043
23221087
23222651
23233547
23247781
23248243
23260583
23267207
23272241
23274499
23277589
23293279
23298581
23301583
23306911
23334209
23340199
23357039
23357387
23370089
23375369
23418169
23422367
23423801
23434409
23438111
23448973
23457809
23467709
23470807
23488837
23499283
23504647
23508907
23509471
23512369
23516677
23526761
23528387
23567723
23600293
23601223
23610577
23652221
23663309
23665739
23677001
23705921
23715149
23728591
23737409
23749199
23763659
23766317
23791171
23814971
23817191
23818703
23830151
23863157
23866981
23867149
23882783
23888861
23926183
23929067
23933219
23951713
23956399
23991581
24003659
24010361
24013349
24013849
24021973
24022753
24030973
24031223
24037939
24042929
24047021
24062893
24067007
24098311
24121129
24141713
24148603
24154153
24154349
24156329
24166777
24167261
24168259
24171341
24181753
24185017
24185779
24187997
24193189
24196649
24200387
24215911
24227243
24232357
24242831
24251089
24254143
24268063
24275561
24279677
24279919
24280397
24284081
24284683
24288599
24294251
24304393
24316693
24330433
24337777
24349657
24364931
24366439
24395803
24399719
24403837
24405191
24413617
24424657
24428801
24455329
24505099
24509609
24517463
24524347
24533881
24551347
24551911
24560449
24570199
24581443
24588359
24589273
24596543
24606779
24609581
24619201
24634903
24640541
24643967
24652399
24662851
24671057
24673541
24676819
24685849
24687589
24691363
24704341
24704437
24705829
24716389
24718717
24719777
24737327
24739783
24741883
24746723
24752627
24758221
24783299
24804821
24818873
24829247
24833863
24835067
24836039
24857659
24858739
24873179
24885767
24900487
24902929
24908627
24914381
24920551
24935699
24943861
24954859
24967471
24979499
25021151
25025839
25031299
25040051
25073689
25086181
25096109
25097003
25106959
25108033
25110269
25111319
25116419
25122827
25139969
25142783
25147501
25150459
25196749
25197149
25205377
25206163
25213211
25221953
25225843
25227457
25243151
25243531
25252333
25253773
25256863
25290673
25310279
25314889
25315373
25327613
25339841
25346351
25351223
25351409
25385189
25400489
25405043
25417289
25427551
25438949
25452059
25463327
25466047
25477999
25485997
25492343
25511023
25521281
25527661
25529723
25541407
25542871
25545323
25547129
25565597
25580419
25583377
25587517
25620403
25626019
25641449
25644257
25649189
25680427
25681517
25703383
25715969
25718377
25718923
25739551
25747237
25757653
25783259
25799617
25801663
25803803
25804243
25812967
25823429
25831987
25832111
25841119
25842673
25855003
25863949
25871737
25882547
25886489
25905353
25905707
25907347
25924411
25926217
25936831
25942541
25942993
25944203
25970501
26004989
26016797
26027003
26033093
26033671
26037203
26043679
26045501
26051923
26055019
26068153
26074619
26080543
26085127
26086063
26088743
26099167
26099831
26105363
26118503
26123819
26133673
26141741
26145479
26151701
26158213
26160917
26165957
26167829
26184043
26214061
26214179
26218693
26221969
26251189
26269363
26271923
26273593
26279411
26281187
26282957
26287201
26287433
26291389
26311429
26314909
26321887
26323469
26330839
26348813
26363191
26392243
26411573
26444443
26456537
26460713
26467853
26500517
26522987
26528639
26530619
26546309
26558009
26562253
26564969
26571409
26576359
26577071
26593997
26615441
26615893
26617027
26618213
26650493
26677559
26678237
26679253
26682977
26691311
26701153
26701793
26710669
26712659
26717707
26727997
26729107
26750431
26777539
26796223
26810879
26811553
26815667
26820181
26829331
26839823
26840087
26848109
26850101
26851091
26870381
26870813
26871991
26877127
26911037
26939483
26956361
26961089
26962457
26968537
26969611
26975521
26983037
26988653
26988761
27015203
27015649
27042619
27046021
27063697
27073141
27086051
27104351
27123599
27130007
27140149
27163307
27166511
27177221
27184319
27189649
27189787
27195799
27205187
27210277
27217517
27270959
27271681
27286447
27292621
27312083
27315397
27315661
27330959
27349811
27356411
27358657
27360287
27363493
27364879
27375889
27394649
27412939
27416357
27426109
27429541
27431279
27441551
27450029
27453707
27465661
27466069
27479759
27486049
27486871
27490783
27514547
27515051
27524327
27526747
27534007
27539861
27552089
27554927
27570259
27572383
27587843
27612433
27640603
27641281
27655619
27665683
27671557
27672517
27683017
27693599
27697513
27700207
27707221
27708257
27720263
27741107
27751247
27751483
27752453
27762277
27768967
27777653
27784223
27805181
27805441
27807803
27809647
27818957
27820307
27831763
27831857
27856393
27860353
27869213
27878687
27883579
27901639
27911509
27913043
27919849
27929579
27931847
27943147
27959669
27972493
27985367
27988943
27995399
28005907
28010629
28021837
28038953
28042967
28061351
28062131
28066963
28076849
28080653
28095733
28105117
28177021
28180661
28193981
28214401
28220359
28223201
28244267
28246531
28246637
28286821
28303529
28313741
28324171
28327177
28339429
28339999
28343431
28357019
28368251
28386907
28387097
28391593
28405261
28434851
28437229
28439377
28466699
28467239
28486967
28492271
28493177
28494071
28513789
28531463
28534423
28536173
28537529
28539149
28539601
28540921
28593661
28596019
28602341
28605613
28620551
28631591
28633417
28635577
28650421
28655009
28658731
28660211
28662173
28676803
28690973
28693589
28697707
28733227
28745491
28753547
28759979
28772617
28783219
28786343
28786687
28787203
28789067
28792913
28806553
28808357
28808519
28817653
28825207
28843319
28851371
28853093
28854517
28873543
28885739
28902121
28903409
28923379
28924933
28956017
28964711
28967963
28991021
28994863
28999319
29002553
29018191
29021297
29023591
29024543
29066087
29069191
29079587
29089829
29093683
29099269
29100271
29116693
29121251
29122661
29130187
29131561
29134367
29140723
29141657
29144603
29157757
29161283
29166749
29180659
29192903
29201957
29225611
29239297
29245211
29252813
29253613
29265991
29266499
29271247
29272499
29286553
29291219
29295509
29306947
29314559
29317201
29323559
29325041
29371061
29387671
29390993
29400013
29403973
29406323
29422969
29423461
29427361
29452723
29468573
29478863
29483261
29483969
29486629
29488517
29496559
29542441
29549357
29606971
29622841
29623637
29624303
29641837
29643217
29644633
29676539
29691539
29693479
29715157
29719159
29731397
29732041
29733299
29740063
29743757
29746943
29747689
29747911
29752013
29768357
29775331
29782943
29785181
29785577
29808059
29815021
29816219
29828737
29848309
29860063
29862457
29864773
29898107
29910421
29918509
29921821
29931953
29933681
29951489
29961739
29963903
29979769
30014123
30015151
30049333
30062059
30065293
30068581
30089093
30091823
30092743
30107699
30112517
30115651
30121907
30123931
30125027
30132787
30139477
30141841
30145567
30166361
30176381
30180401
30190471
30197311
30202789
30216163
30217309
30221899
30232183
30242449
30268129
30282107
30288547
30292699
30304559
30314663
30317653
30332257
30337687
30339929
30358079
30360647
30362243
30370577
30371137
30371587
30375049
30382831
30385669
30389063
30389501
30390901
30397823
30403613
30405751
30417139
30420433
30420821
30444611
30448841
30452393
30458473
30473603
30477911
30483311
30511489
30513607
30516659
30525949
30527537
30537817
30546673
30558293
30564031
30565253
30566881
30569557
30583921
30592873
30598279
30607039
30607823
30611281
30618839
30636883
30657173
30660239
30664987
30693587
30706783
30732661
30736961
30741307
30750787
30755713
30761429
30778159
30790093
30792871
30799543
30814723
30836837
30839399
30840841
30842549
30844927
30877723
30899873
30901681
30902117
30910877
30921053
30931267
30934427
30957737
30972533
30979561
30984131
30986651
30987301
30997891
31031201
31042651
31043197
31066379
31081187
31088923
31102241
31140049
31144559
31146527
31146607
31162181
31173503
31180927
31208633
31251161
31254611
31264601
31276099
31282969
31304261
31323223
31327159
31339031
31347599
31370057
31387991
31395187
31425917
31428581
31454023
31461163
31469033
31473203
31481299
31481713
31482067
31525183
31529447
31531057
31534543
31535939
31537687
31549391
31577659
31589321
31627903
31631993
31651457
31651751
31652947
31654873
31659877
31685663
31693663
31711349
31711439
31712279
31713811
31719593
31729133
31740523
31744861
31745899
31756259
31757851
31767707
31788947
31795811
31810369
31814047
31848727
31848983
31858699
31875359
31878619
31881097
31898089
31906697
31938407
31942241
31965613
31970581
31995011
32008541
32024687
32029433
32031073
32047667
32061259
32109971
32112767
32135591
32158151
32163899
32173733
32182091
32205269
32229851
32235487
32248049
32269057
32272451
32287873
32298661
32320399
32322259
32331991
32345099
32345323
32363951
32365009
32380451
32382083
32391349
32401979
32414351
32417569
32420351
32439109
